17 0.5916666671875 0.9433333328125 0.6566666671875 0.9583333328125001 0.6683333328125001 0.9766666671875001 0.6883333328125001 0.9866666671875001 0.7216666671875 0.9949999999999999 0.7933333328125001 0.99 0.8616666671875001 0.9583333328125001 0.9166666671874999 0.905 0.93 0.8783333328125 0.96 0.8483333328124999 0.9883333328124999 0.7933333328125001 0.9983333328124999 0.6383333328125 0.9733333328124999 0.5216666671875 0.9283333328125 0.4733333328125 0.8483333328124999 0.42833333281249997 0.7816666671875 0.4166666671875 0.72 0.4183333328125 0.6666666671875 0.43499999999999994 0.6233333328125 0.4583333328125 0.5650000000000001 0.5083333328124999 0.5316666671875 0.5549999999999999 0.49833333281250003 0.6566666671875 0.495 0.755 0.505 0.835 0.52 0.8766666671875001 0.5916666671875 0.9433333328125
17 0.5316666671875 0.4783333328125 0.5633333328125001 0.48666666718749996 0.5883333328125 0.48166666718749995 0.6266666671875 0.4516666671875 0.6766666671875 0.4266666671875 0.7183333328125 0.41333333281250006 0.795 0.40833333281249995 0.8333333328125001 0.3616666671875 0.8466666671875 0.32999999999999996 0.8550000000000001 0.2783333328125 0.8466666671875 0.2233333328125 0.825 0.175 0.8033333328125 0.1566666671875 0.7683333328125 0.1 0.735 0.0783333328125 0.635 0.0783333328125 0.5466666671875 0.0966666671875 0.475 0.14666666718750002 0.43499999999999994 0.1866666671875 0.41166666718749995 0.2316666671875 0.4033333328125 0.2716666671875 0.4066666671875 0.3383333328125 0.44166666718750003 0.4216666671875 0.46666666718750005 0.44666666718750003 0.5316666671875 0.4783333328125
17 0.26 0.5566666671875 0.29 0.575 0.365 0.595 0.4216666671875 0.5966666671875 0.45 0.5883333328125 0.53 0.5316666671875 0.55 0.505 0.5433333328125001 0.4883333328125 0.49000000000000005 0.46166666718749994 0.36 0.4166666671875 0.3116666671875 0.4216666671875 0.29333333281249996 0.4166666671875 0.205 0.37666666718749997 0.1433333328125 0.3933333328125 0.10833333281249999 0.4233333328125 0.10333333281249998 0.43499999999999994 0.1066666671875 0.4766666671875 0.1616666671875 0.5283333328125 0.2366666671875 0.5583333328125 0.26 0.5566666671875
17 0.2833333328125 0.7383333328125 0.3383333328125 0.7683333328125 0.375 0.78 0.4483333328125 0.7816666671875 0.49000000000000005 0.765 0.495 0.65 0.525 0.5566666671875 0.5216666671875 0.545 0.4566666671875 0.5900000000000001 0.4216666671875 0.6 0.36666666718749996 0.6 0.3116666671875 0.58 0.2916666671875 0.58 0.25833333281250004 0.5616666671874999 0.24 0.5633333328125001 0.16833333281250001 0.5333333328125 0.1566666671875 0.5583333328125 0.155 0.6016666671875 0.175 0.64 0.2266666671875 0.7 0.2833333328125 0.7383333328125
17 0.1783333328125 0.33999999999999997 0.2033333328125 0.37333333281250003 0.29333333281249996 0.41333333281250006 0.3633333328125 0.41500000000000004 0.4166666671875 0.43499999999999994 0.43833333281250003 0.42833333281249997 0.4 0.32 0.29333333281249996 0.20833333281250002 0.1583333328125 0.19 0.13999999999999999 0.1966666671875 0.125 0.2233333328125 0.125 0.25833333281250004 0.1383333328125 0.29 0.16 0.3266666671875 0.1783333328125 0.33999999999999997
17 0.3966666671875 0.3066666671875 0.40499999999999997 0.24 0.43166666718749996 0.1883333328125 0.3983333328125 0.08 0.3983333328125 0.031666667187500004 0.375 0.0166666671875 0.2983333328125 0.015 0.2683333328125 0.04 0.24 0.08499999999999999 0.2416666671875 0.125 0.265 0.17333333281250002 0.3566666671875 0.2733333328125 0.3966666671875 0.3066666671875
17 0.4233333328125 0 0.4066666671875 0.0216666671875 0.4 0.0433333328125 0.4033333328125 0.09 0.43666666718749997 0.1816666671875 0.5066666671875 0.1183333328125 0.5633333328125001 0.0866666671875 0.5666666671875 0.0166666671875 0.5483333328125 0 0.4233333328125 0
17 0.5783333328125 0 0.5683333328125 0.034999999999999996 0.5700000000000001 0.0866666671875 0.6283333328125 0.07666666718750001 0.6766666671875 0.08333333281250001 0.7683333328125 0 0.5783333328125 0
17 0.7916666671875 0.12833333281249998 0.835 0.08333333281250001 0.8766666671875001 0.06833333281250001 0.9283333328125 0.075 0.8966666671875 0.045 0.8083333328125001 0.0033333328125 0.7816666671875 0.0033333328125 0.7416666671875001 0.0216666671875 0.7016666671875 0.0633333328125 0.7033333328125 0.075 0.7366666671875 0.075 0.7616666671875 0.0883333328125 0.7916666671875 0.12833333281249998
17 0.865 0.19 0.9483333328124999 0.13333333281249998 0.9933333328125 0.1183333328125 0.9983333328124999 0.11000000000000001 0.9516666671875 0.08333333281250001 0.9166666671874999 0.0733333328125 0.8783333328125 0.0716666671875 0.8333333328125001 0.0866666671875 0.7983333328125 0.1233333328125 0.7983333328125 0.1433333328125 0.8183333328125 0.16 0.8483333328124999 0.20833333281250002 0.865 0.19
17 0.9383333328125 0.335 0.9483333328124999 0.3416666671875 0.9983333328124999 0.34500000000000003 0.9983333328124999 0.12 0.95 0.135 0.8533333328125 0.205 0.85 0.22000000000000003 0.86 0.275 0.8516666671875001 0.33999999999999997 0.9383333328125 0.335
17 0.975 0.5133333328125 0.99 0.5650000000000001 0.9983333328124999 0.5700000000000001 0.9983333328124999 0.3483333328125 0.9483333328124999 0.34500000000000003 0.9383333328125 0.3383333328125 0.865 0.3433333328125 0.845 0.3533333328125 0.82 0.3966666671875 0.8216666671875 0.4166666671875 0.8916666671875 0.445 0.9466666671875 0.485 0.975 0.5133333328125