13 0.84140625 0.31171875 0.1859375 0.19296875
13 0.66796875 0.3171875 0.17265625 0.1796875
13 0.49296875 0.3140625 0.175 0.19296875
13 0.128125 0.0328125 0.1515625 0.065625
13 0.1453125 0.30859375 0.1703125 0.19921875
13 0.14140625 0.75859375 0.13671875 0.18046875
13 0.27890625 0.75703125 0.14609375 0.19140625
13 0.85234375 0.77109375 0.14921875 0.1828125
13 0.55546875 0.7640625 0.14921875 0.18671875
13 0.8546875 0.603125 0.1421875 0.18125
13 0.43203125 0.6015625 0.1375 0.17109375
13 0.703125 0.7703125 0.1546875 0.1859375
13 0.41484375 0.76640625 0.13359375 0.1734375
13 0.175 0.59375 0.14765625 0.17890625
13 0.32109375 0.3046875 0.17890625 0.21484375
13 0.4953125 0.678125 0.97890625 0.38828125
13 0.5671875 0.60859375 0.14453125 0.16328125
13 0.3046875 0.6 0.1234375 0.15859375
13 0.71328125 0.5921875 0.1359375 0.1546875